54 0.28464583392857146 0.437828125 0.27564583392857145 0.343453125 0.28764583392857146 0.336703125 0.3116041660714286 0.314234375 0.30860416607142854 0.262546875 0.296625 0.22884375 0.26966666607142853 0.217609375 0.23670833392857143 0.24232812500000003 0.21572916607142859 0.215359375 0.18277083392857144 0.24232812500000003 0.17379166607142857 0.31198437500000004 0.22472916607142857 0.338953125 0.2426875 0.40187500000000004 0.21872916607142856 0.4445625 0.2426875 0.52321875 0.2546875 0.5546875 0.2666666660714286 0.534453125 0.28464583392857146 0.437828125
54 0.011000000000000001 0.670265625 0.027520833928571426 0.670265625 0.03577083392857142 0.650125 0.054354166071428574 0.5401406249999999 0.05229166607142857 0.48128125 0.07914583392857143 0.39453125 0.09360416607142856 0.31709375 0.062625 0.27990625 0.013062500000000001 0.28765625 0.008916666071428572 0.3558125 0.0027291660714285713 0.37440625 0.0027291660714285713 0.65478125 0.011000000000000001 0.670265625
54 0.01714583392857143 0 0.020583333928571427 0.01215625 0.030000000000000002 0.057124999999999995 0.01885416607142857 0.050703125 0.000020833928571428573 0.00059375 0.000020833928571428573 0.080890625 0.019708333928571426 0.10917187499999999 0.022291666071428573 0.131015625 0.057416666071428576 0.195890625 0.06339583392857143 0.219671875 0.07795833392857143 0.22609374999999998 0.08566666607142856 0.223515625 0.08739583392857143 0.200390625 0.07795833392857143 0.14771874999999998 0.06854166607142857 0.09631250000000001 0.0676875 0 0.056541666071428576 0 0.01714583392857143 0
54 0.107125 0.60509375 0.11624999999999999 0.674828125 0.15270833392857142 0.6885 0.1709375 0.81565625 0.194625 0.926421875 0.20375 0.925046875 0.21652083392857144 0.82659375 0.23656249999999998 0.769171875 0.23656249999999998 0.730890625 0.23475000000000001 0.700796875 0.256625 0.68303125 0.27302083392857146 0.6337968749999999 0.256625 0.591421875 0.21287499999999998 0.591421875 0.2019375 0.635171875 0.19645833392857143 0.66525 0.1909791660714286 0.6679843750000001 0.1909791660714286 0.61603125 0.16910416607142859 0.591421875 0.14541666607142859 0.591421875 0.107125 0.60509375
54 0.5657916660714285 0.205359375 0.5733958339285715 0.21734375 0.5848125 0.213921875 0.5901458339285715 0.1003125 0.5871041660714286 0.078046875 0.6084166660714285 0.06604687499999999 0.6099375 0.054640625 0.5871041660714286 0.069484375 0.56275 0.07290625 0.537625 0.061484375 0.5246875 0.0540625 0.54675 0.080890625 0.5673125 0.088890625 0.56275 0.189375 0.5657916660714285 0.205359375
54 0.31987499999999996 0.9601875000000001 0.2936875 0.9636562500000001 0.2736666660714286 0.9775156250000001 0.26441666607142855 0.996 0.2521041660714286 0.948640625 0.24285416607142857 0.942859375 0.22591666607142857 0.941703125 0.20743750000000002 0.945171875 0.19510416607142855 0.9613437499999999 0.19202083392857142 0.982140625 0.1904791660714286 0.99946875 0.33835416607142854 0.99946875 0.3398958339285714 0.9740625 0.31987499999999996 0.9601875000000001
54 0.19460416607142858 0.016015625 0.2051875 0.042078125 0.2051875 0.057953125 0.2067083339285714 0.1055625 0.2218125 0.140703125 0.23995833392857144 0.154296875 0.26714583392857144 0.071546875 0.2565833339285714 0.0386875 0.26714583392857144 0.004671875 0.23995833392857144 0.00240625 0.2338958339285714 0.018281250000000002 0.22785416607142855 0.003546875 0.22635416607142855 0.004671875 0.196125 0.000140625 0.19460416607142858 0.016015625
54 0.4752083339285714 0.38871875 0.43458333392857146 0.39306250000000004 0.43458333392857146 0.384359375 0.42489583392857144 0.36984375 0.4229791660714286 0.35534375 0.4500625 0.33937500000000004 0.45779166607142857 0.324875 0.46360416607142857 0.276984375 0.448125 0.23199999999999998 0.41135416607142855 0.22910937500000003 0.39975000000000005 0.2378125 0.3900833339285714 0.30745312500000005 0.38039583392857146 0.253765625 0.3610625 0.23054687499999998 0.322375 0.24506250000000002 0.3165625 0.27407812499999995 0.3359166660714286 0.32196875 0.3610625 0.384359375 0.37072916607142853 0.433703125 0.38620833392857146 0.46126562499999996 0.43843750000000004 0.5671875 0.4519791660714286 0.4525625 0.46360416607142857 0.433703125 0.4752083339285714 0.38871875
54 0.6503333339285714 0.767359375 0.6585 0.7632 0.6625833339285715 0.766328125 0.6585 0.7715109375 0.6585 0.7881328125 0.682125 0.7676875 0.684375 0.7578125 0.6871041660714285 0.7578125 0.6933645839285715 0.7634296875 0.7046041660714285 0.759171875 0.6916458339285714 0.7516875 0.6966458339285714 0.749296875 0.7078125 0.7400111607142857 0.7089166660714286 0.748625 0.71584375 0.7549140624999999 0.7420625 0.746234375 0.748875 0.740109375 0.7425208339285714 0.73771875 0.7261666660714285 0.73771875 0.7225416660714286 0.658703125 0.7143541660714287 0.654953125 0.7011875000000001 0.65734375 0.6898333339285715 0.661421875 0.6807500000000001 0.662453125 0.6703125 0.654609375 0.6630416660714286 0.654609375 0.6566875 0.659375 0.6585 0.746578125 0.654875 0.7516875 0.6480625 0.7554375 0.6426041660714286 0.760546875 0.6426041660714286 0.767015625 0.6503333339285714 0.767359375
54 0.6575833339285714 0.83546875 0.6730416660714286 0.8528437499999999 0.6830208339285715 0.861015625 0.6757500000000001 0.89984375 0.6848333339285714 0.908703125 0.6921041660714286 0.907 0.7102708339285714 0.88009375 0.7170833339285714 0.85896875 0.7297916660714285 0.8460312499999999 0.7357083339285714 0.8368281249999999 0.7372916660714286 0.826609375 0.7294930571428572 0.821046875 0.738875 0.8163906249999999 0.7107291660714286 0.830359375 0.6984583339285714 0.833421875 0.6712083339285714 0.8175898446428572 0.6585 0.7881328125 0.6585 0.8047546875 0.6621250000000001 0.8123125 0.6585 0.813065625 0.6603125 0.821 0.6585 0.8213765624999999 0.6575833339285714 0.83546875
54 0.5041666660714286 0.7578125 0.5041666660714286 0.7859375 0.5166666660714285 0.8375 0.5270833339285714 0.8515625 0.5333333339285714 0.8671875 0.54375 0.8765625 0.5458333339285715 0.884375 0.5520833339285715 0.8890625 0.5645833339285714 0.8890625 0.5708333339285715 0.8828125 0.5666666660714286 0.8375 0.5833333339285715 0.83125 0.5895833339285714 0.83125 0.5958333339285714 0.825 0.6 0.825 0.6083333339285715 0.815625 0.6125 0.803125 0.6125 0.7875 0.6083333339285715 0.7796875 0.6083333339285715 0.7546875 0.61875 0.7453125 0.61875 0.7359375 0.6041666660714285 0.7234375 0.60625 0.665625 0.6 0.63125 0.5958333339285714 0.628125 0.5895833339285714 0.628125 0.58125 0.621875 0.5520833339285715 0.621875 0.5458333339285715 0.6265625 0.5385057482142858 0.6266163803571428 0.5946120696428571 0.5510506464285715 0.775 0.4953125 0.7833333339285714 0.5078125 0.79375 0.515625 0.7875 0.56875 0.8 0.575 0.8145833339285714 0.575 0.8395833339285714 0.553125 0.8666666660714285 0.553125 0.8729166660714286 0.546875 0.8729166660714286 0.540625 0.8666666660714285 0.5296875 0.8666666660714285 0.5203125 0.8729166660714286 0.503125 0.8770833339285714 0.503125 0.8833333339285715 0.496875 0.8833333339285715 0.490625 0.8770833339285714 0.484375 0.8666666660714285 0.484375 0.8666666660714285 0.478125 0.88125 0.4609375 0.88125 0.4484375 0.875 0.4265625 0.8854166660714285 0.4203125 0.8875 0.409375 0.8708333339285714 0.3828125 0.8708333339285714 0.3661458321428571 0.8729166660714286 0.35625 0.8833333339285715 0.34375 0.8895833339285715 0.3296875 0.8895833339285715 0.3015625 0.8729166660714286 0.2859375 0.8416666660714286 0.2875 0.8208333339285715 0.2953125 0.8125 0.2953125 0.80625 0.2921875 0.7895833339285715 0.2921875 0.7833333339285714 0.296875 0.7782327589285714 0.3037446125 0.7833333339285714 0.30625 0.7731321839285714 0.3106142232142857 0.5997126446428572 0.5441810339285714 0.50625 0.63125 0.5208333339285715 0.62890625 0.5236111107142857 0.6265625 0.5347222232142856 0.6265625 0.5333333339285714 0.6364583321428572 0.5283045982142857 0.6403556035714285 0.5130028732142857 0.6609644392857142 0.5177083339285714 0.66875 0.5079022982142858 0.6678340517857143 0.5088541660714285 0.67421875 0.502801725 0.6747036642857143 0.4875 0.6953125 0.49166666607142856 0.725 0.4854166660714285 0.7296875 0.4854166660714285 0.740625 0.5041666660714286 0.7578125