70 0.7845588232142857 0.05926 0.7820833339285714 0.06378 0.7820833339285714 0.07082 0.7876470589285715 0.07583999999999999 0.7876470589285715 0.07786 0.7876470589285715 0.08188000000000001 0.7882598035714287 0.08539999999999999 0.7944117642857143 0.08792 0.7981127446428571 0.08792 0.7993382357142857 0.08288 0.8030392160714286 0.07786 0.8042892160714286 0.0683 0.7993382357142857 0.05976 0.7937990196428572 0.05222 0.7833333339285714 0.05222 0.7833333339285714 0.05322 0.7863970589285715 0.05724 0.7845588232142857 0.05926
70 0.6317401964285715 0.06954 0.6262745089285714 0.06767999999999999 0.6162990196428572 0.07046 0.6147058821428572 0.07601999999999999 0.6192401964285714 0.08046 0.6208333339285714 0.08844 0.6222058821428571 0.08974 0.6301470589285715 0.08900000000000001 0.6317401964285715 0.06954
47 0.4158333339285714 0.61574 0.4240931375 0.58202 0.4351225482142857 0.46516 0.4130882357142857 0.39549999999999996 0.4103431375 0.30112 0.4075735285714286 0.2 0.3717892160714286 0.1618 0.2863970589285714 0.13707999999999998 0.19828431428571427 0.17304 0.18176470535714287 0.22022 0.19002450892857142 0.38652 0.1735049017857143 0.46292000000000005 0.20654411785714286 0.59326 0.2148039214285714 0.62472 0.26438725535714286 0.6337 0.26713235357142856 0.65618 0.27539215714285714 0.67192 0.35250000000000004 0.66742 0.37727941249999997 0.6449400000000001 0.37453431428571426 0.62922 0.4158333339285714 0.61574
18 0.6073039214285714 0.36728 0.5905392160714286 0.30762 0.5629656857142857 0.30468 0.5593627446428572 0.26066 0.6001225482142857 0.25773999999999997 0.6121078428571428 0.23914 0.6540686267857143 0.16188 0.6157107839285715 0.1648 0.5725490196428572 0.18339999999999998 0.5521813732142857 0.20492 0.5485784321428571 0.25773999999999997 0.5365931375 0.26164000000000004 0.5090196071428571 0.27436 0.4934313732142857 0.29784 0.5126225482142857 0.35847999999999997 0.5353921571428572 0.38098000000000004 0.5377941178571429 0.40544 0.5461764714285715 0.43674 0.5641666660714286 0.43772 0.5581617642857143 0.47291999999999995 0.5941176464285713 0.47978000000000004 0.5989215678571428 0.47978000000000004 0.6037254910714286 0.4651 0.6073039214285714 0.36728
18 0.4775490196428572 0.26314 0.4832843142857142 0.26514 0.48068627499999994 0.29288 0.4800245089285714 0.30936 0.48392156785714285 0.32156 0.4897794125 0.32794 0.5008578428571429 0.32794 0.5014950982142857 0.2897 0.5210294125 0.26156 0.5164705875 0.25624 0.509313725 0.24402 0.5236274517857143 0.23712000000000003 0.5327450982142857 0.23712000000000003 0.5366421571428571 0.23234 0.5437990196428572 0.2265 0.5509803928571428 0.22012 0.5529166660714285 0.19993999999999998 0.5665931375 0.18932 0.5822058821428572 0.17604 0.5832352946428572 0.17556 0.5037745089285715 0.18826 0.49066176428571423 0.21566 0.48164215714285713 0.24108 0.4775490196428572 0.26314
18 0.8690931375000001 0.37748 0.9456862749999999 0.37532000000000004 0.9034313732142857 0.42272 0.8770098035714285 0.4766 0.8770098035714285 0.61452 0.8796568625 0.69642 0.9139950982142858 0.7977 0.95625 0.85158 0.9879411767857144 0.8494200000000001 1 0.8408 0.9958578428571428 0.34514 0.9588970589285714 0.28912 0.8717401964285715 0.29774 0.8558823535714286 0.31066000000000005 0.8690931375000001 0.37748
18 0.4726960785714286 0.23284 0.4607352946428572 0.23994 0.4525735285714286 0.24836000000000003 0.4525735285714286 0.25458 0.44713235357142855 0.26433999999999996 0.4542156857142857 0.2741 0.4585539214285714 0.28075999999999995 0.46345588214285716 0.279 0.47053921607142857 0.29496 0.4678186267857143 0.3003 0.4650980392857143 0.30828 0.47053921607142857 0.31982 0.4765196071428571 0.32426 0.48139705892857143 0.32026 0.4835784321428571 0.26611999999999997 0.4770588232142857 0.26389999999999997 0.48629901964285716 0.22662000000000002 0.4944607839285714 0.20753999999999997 0.4988235285714286 0.1951 0.4966421571428572 0.196 0.4792401964285714 0.19954 0.4754166660714286 0.21686 0.4726960785714286 0.2284 0.4726960785714286 0.23284
48 0.14421568571428572 0.21046 0.13845588214285712 0.2407 0.14107843214285715 0.26666 0.1389950982142857 0.27774 0.14995098035714285 0.27602 0.15620098035714286 0.28242 0.15620098035714286 0.30584 0.16507352857142857 0.3054 0.16612745178571428 0.31732 0.17029411785714285 0.31776000000000004 0.1734313732142857 0.3071 0.1760294125 0.29988 0.17289215714285713 0.25474 0.16455882321428572 0.1781 0.16247549107142858 0.18108 0.16247549107142858 0.18023999999999998 0.1572549017857143 0.1862 0.14838235357142857 0.18832 0.1426470589285714 0.20364 0.14421568571428572 0.21046
18 0.46490196071428574 0.2041 0.4721078428571428 0.19188 0.49708333392857146 0.18826 0.4948774517857143 0.18418 0.4491666660714286 0.18939999999999999 0.4427696071428571 0.20358 0.42904411785714286 0.20656 0.4385784321428572 0.22664 0.4510294125 0.22311999999999999 0.4626715678571428 0.22402 0.46490196071428574 0.2041
72 0.5983578428571429 0.3496 0.6165686267857143 0.44246 0.6279656857142857 0.50562 0.6347794125 0.5817800000000001 0.6484558821428571 0.63006 0.7167401964285715 0.6449199999999999 0.7395098035714286 0.62264 0.7395098035714286 0.5817800000000001 0.8737990196428571 0.5632 0.8829166660714286 0.5334800000000001 0.8965686267857144 0.44618 0.946642157142857 0.39046000000000003 0.9648529410714285 0.37932 0.9352696071428572 0.37374 0.8624264714285714 0.37746 0.8578676464285715 0.31058 0.9033823535714286 0.29758 0.9602941178571429 0.29386 0.9716911767857143 0.31058 0.9921568625 0.34774 0.9989950982142858 0.3533 1 0.34588 0.9899019607142857 0.253 0.9967156857142858 0.1397 0.9967156857142858 0.09884 0.8146078428571428 0.11742000000000001 0.6529901964285715 0.14156 0.6097549017857142 0.266 0.5983578428571429 0.3496
70 0.4748774517857143 0.14472 0.4715196071428571 0.16338 0.48999999999999994 0.16584000000000002 0.49401960714285714 0.14692 0.4748774517857143 0.14472