13 0.43864 0.23474666607142858 0.41052 0.23474666607142858 0.40968000000000004 0.2766666660714286 0.39562 0.2932 0.38982 0.30864 0.38404 0.3252 0.38320000000000004 0.3538933339285714 0.38320000000000004 0.5767199999999999 0.38817999999999997 0.6009866660714286 0.4039 0.6098133339285715 0.44526 0.6098133339285715 0.47008 0.59656 0.47008 0.32189333392857145 0.46346 0.29650666607142856 0.43946 0.27445333392857146 0.43864 0.23474666607142858
48 0.1363 0.29642666607142854 0.14448 0.32365333392857143 0.1363 0.33183999999999997 0.1261 0.34408 0.1261 0.3604266660714286 0.13018000000000002 0.3631466660714286 0.20676 0.35224 0.20574 0.3468 0.1945 0.33456 0.18838 0.3250133339285714 0.1945 0.31141333392857146 0.19347999999999999 0.28690666607142856 0.19042 0.2692266660714286 0.17815999999999999 0.25288 0.15569999999999998 0.24200000000000002 0.14550000000000002 0.2488 0.13734 0.26511999999999997 0.1363 0.29642666607142854
41 0.30682 0.6778133339285715 0.2647 0.36229333392857144 0.010020000000000001 0.3783466660714286 0.00402 0.36496 0.00402 0.9665866660714286 0.39706 0.8676533339285715 0.39906 0.8302133339285714 0.30682 0.6778133339285715
44 0.49878 0.8413066660714286 0.51098 0.8331733339285714 0.51708 0.8169066660714286 0.5186200000000001 0.79656 0.51302 0.7782666660714286 0.5054 0.7586133339285714 0.49014 0.7470933339285715 0.47184 0.74032 0.45608 0.7437066660714285 0.42762 0.7586133339285714 0.42812 0.7850400000000001 0.43524 0.7985866660714286 0.44388 0.8148533339285714 0.47082 0.83792 0.47235999999999995 0.8399466660714285 0.47896 0.844 0.49878 0.8413066660714286
12 0.7955800000000001 0.5226933339285714 0.9879199999999999 0.5966133339285715 0.9956999999999999 0.5538666660714285 0.95498 0.5353866660714286 0.7869200000000001 0.4914933339285714 0.7955800000000001 0.5226933339285714
12 0.9843799999999999 0.7615466660714286 0.95016 0.72504 0.99292 0.7037599999999999 0.82526 0.5501333339285713 0.66386 0.6018666660714286 0.6621400000000001 0.63304 0.77962 0.8124800000000001 0.9838 0.8003199999999999 0.9883599999999999 0.78968 0.9883599999999999 0.7752266660714285 0.9843799999999999 0.7615466660714286
12 0.9983200000000001 0.4968533339285714 1 0.4342133339285714 0.9245000000000001 0.41408 0.83892 0.42973333392857144 0.8339 0.44317333392857144 0.9966399999999999 0.49909333392857147 0.9983200000000001 0.4968533339285714
12 0.86638 0.5914133339285714 0.9818 0.6390666660714286 0.9996799999999999 0.6352 0.99918 0.60944 0.9847 0.6133066660714286 0.79782 0.5321866660714286 0.79684 0.55728 0.7983 0.5611466660714286 0.8253400000000001 0.5508533339285714 0.86638 0.5914133339285714
26 0.3085 0.6384000000000001 0.35406 0.6416 0.36444 0.5957866660714286 0.36604000000000003 0.49565333392857147 0.29492 0.49565333392857147 0.29252 0.56704 0.3085 0.6384000000000001
54 0.59578 0.38432 0.59316 0.3934133339285714 0.58948 0.4102666660714286 0.58474 0.42357333392857144 0.58474 0.4292 0.58474 0.45024 0.58948 0.4481333339285714 0.59316 0.4313066660714286 0.59316 0.42288000000000003 0.60158 0.40816 0.6110399999999999 0.39272 0.6163 0.37658666607142854 0.6184 0.36535999999999996 0.61682 0.35344 0.6110399999999999 0.34224000000000004 0.60526 0.3464266660714286 0.60104 0.3576533339285714 0.60526 0.3562666660714286 0.60158 0.3583733339285714 0.5984200000000001 0.37448 0.59578 0.38432
12 0.50372 0.7586933339285714 0.50666 0.76416 0.5178 0.7766933339285714 0.5324800000000001 0.7790400000000001 0.6522 0.7907733339285715 0.77074 0.8087733339285714 0.75078 0.7508533339285715 0.6739 0.62488 0.61288 0.6084533339285714 0.5436200000000001 0.5724533339285715 0.52132 0.6506933339285714 0.50372 0.7586933339285714