48 0.7276112410714285 0.9981875 0.7108430910714286 0.9310625 0.7142154571428571 0.89303125 0.7678454339285714 0.89975 0.8081030446428572 0.89303125 0.7879859482142857 0.852765625 0.7745667446428571 0.81696875 0.7745667446428571 0.7744687499999999 0.7644964875000001 0.749859375 0.7376814982142856 0.7140625 0.7041451982142857 0.68721875 0.6773302107142857 0.662609375 0.6002107732142857 0.660375 0.5901405160714285 0.69840625 0.5934894607142858 0.745390625 0.5834426232142857 0.772234375 0.6203278696428571 0.80803125 0.65384075 0.830390625 0.6806791571428571 0.86171875 0.6504918035714287 0.908703125 0.5934894607142858 0.9042187500000001 0.543208430357143 0.89528125 0.5197189696428571 0.8975156249999999 0.5130210767857143 0.98028125 0.5063231857142857 0.9914687499999999 0.7041451982142857 0.9914687499999999 0.7276112410714285 0.9981875
39 0.2704683839285715 0.379765625 0.2890398125 0.384625 0.30761124107142856 0.38084375000000004 0.3217564410714286 0.3924375 0.3161124125 0.402140625 0.3027868857142857 0.42073437500000005 0.2991334892857143 0.43528125 0.27814988214285713 0.45064062499999996 0.2555269321428571 0.47218750000000004 0.26360655714285713 0.47407812499999996 0.2761124125 0.46034375000000005 0.3064168625 0.43528125 0.3104449642857143 0.419921875 0.32700234107142856 0.3908125 0.31288056249999996 0.38084375000000004 0.32337236607142855 0.379765625 0.32337236607142855 0.37734375 0.3007494142857143 0.358484375 0.29187353571428576 0.359296875 0.2744964875 0.359828125 0.2696487125 0.364140625 0.27208430892857144 0.3751875 0.2704683839285715 0.379765625
39 0.6273302107142857 0.35745312500000004 0.6297189696428571 0.35835937500000004 0.6298594839285715 0.35975 0.6323887589285714 0.361140625 0.6334426232142857 0.361640625 0.6349414517857143 0.364625 0.6367213107142857 0.364921875 0.6373302107142857 0.367515625 0.6419437946428571 0.367515625 0.6428337232142857 0.365515625 0.6418032785714285 0.363734375 0.6391100696428571 0.3634375 0.6379156910714285 0.361640625 0.6373302107142857 0.359453125 0.6356674464285714 0.358953125 0.6356674464285714 0.35696875 0.6333021071428572 0.356765625 0.6318032785714286 0.35665625 0.6323887589285714 0.355265625 0.6322482428571429 0.354078125 0.6344730678571429 0.351984375 0.6383606553571428 0.350984375 0.6377751749999999 0.3501875 0.6356674464285714 0.34959375000000004 0.6316393446428571 0.349703125 0.6212177982142857 0.349203125 0.6152459017857144 0.3511875 0.6159953160714285 0.353578125 0.6238875875 0.356765625 0.6273302107142857 0.35745312500000004
39 0.15114754107142858 0.563921875 0.14615925000000002 0.573453125 0.16131147499999998 0.5845625 0.171920375 0.584140625 0.17604215535714285 0.567671875 0.15114754107142858 0.563921875
39 0.5560187357142857 0.563265625 0.5477049178571429 0.5703437499999999 0.5592505857142857 0.5654218750000001 0.5606323178571428 0.5654218750000001 0.5809367678571429 0.561109375 0.5754098357142857 0.556171875 0.5647775178571429 0.5540156249999999 0.5560187357142857 0.563265625
39 0.09243559642857142 0.625234375 0.09723653392857143 0.6249843749999999 0.09875878214285715 0.623953125 0.09971896964285715 0.62140625 0.10009367678571428 0.616796875 0.09990632321428572 0.613734375 0.09665105357142857 0.6111875 0.09128805535714285 0.610671875 0.08344262321428571 0.611953125 0.08210772857142858 0.612328125 0.07770491785714287 0.6132187499999999 0.07751756428571428 0.620640625 0.08114754107142856 0.6233125 0.08592505892857143 0.62484375 0.09243559642857142 0.625234375
39 0.7192974232142857 0.41540625 0.7305854803571428 0.43551562499999996 0.7381264642857143 0.433 0.7381264642857143 0.41540625 0.7192974232142857 0.41540625
39 0.19435597142857142 0.684234375 0.19325526964285714 0.68684375 0.19688524642857141 0.6885156250000001 0.1999531607142857 0.6875781249999999 0.19826697857142858 0.68571875 0.19435597142857142 0.684234375
18 0.15 0.840125 0.15128805535714285 0.84225 0.16276346607142858 0.84096875 0.16276346607142858 0.83671875 0.16149882857142858 0.830328125 0.16149882857142858 0.8282031249999999 0.16149882857142858 0.820109375 0.15831381785714285 0.8124374999999999 0.15128805535714285 0.807765625 0.1468149875 0.807765625 0.1347072607142857 0.807765625 0.12449648750000002 0.807765625 0.12128805535714286 0.807328125 0.11428571428571428 0.8056249999999999 0.11107728392857143 0.8060625 0.10470726071428571 0.80903125 0.10341920357142857 0.81159375 0.10215456607142856 0.816703125 0.10215456607142856 0.8222343750000001 0.10152224821428572 0.8282031249999999 0.10152224821428572 0.830328125 0.10023419285714286 0.839265625 0.10215456607142856 0.844796875 0.10470726071428571 0.8465 0.11044496428571428 0.847359375 0.11810304464285713 0.84565625 0.1193911 0.840546875 0.12639344285714285 0.8396875 0.14936768214285714 0.838421875 0.15 0.840125
39 0.5485011714285715 0.55446875 0.5330444964285714 0.55096875 0.5344964875 0.5605 0.5397658071428572 0.564 0.5485011714285715 0.55446875
39 0.15562060892857144 0.766109375 0.15594847857142857 0.768296875 0.15758782142857142 0.769625 0.16056206071428572 0.76875 0.16056206071428572 0.766109375 0.16613583214285715 0.766109375 0.16548009285714285 0.7691875 0.16976580714285716 0.77028125 0.17238875892857145 0.76875 0.17337236607142859 0.766328125 0.1776346607142857 0.766328125 0.1825761125 0.7726875 0.1957142857142857 0.775109375 0.2069086642857143 0.774 0.21447306785714285 0.767859375 0.21906323214285714 0.76128125 0.218079625 0.753171875 0.20822014107142858 0.74571875 0.1944028107142857 0.744625 0.18159250535714286 0.75009375 0.17599531607142857 0.75953125 0.17271662678571428 0.76171875 0.17107728392857144 0.75734375 0.16482435535714285 0.756453125 0.15693208392857144 0.75734375 0.15365339642857143 0.760625 0.14674473035714286 0.76171875 0.14444964821428571 0.7625937500000001 0.14969555 0.764796875 0.15562060892857144 0.766109375
39 0.5631147535714286 0.60296875 0.5649180321428572 0.5987343749999999 0.5640046839285714 0.599484375 0.5581264642857142 0.6005468749999999 0.5529039821428572 0.6015937499999999 0.5508665107142857 0.604015625 0.5495081964285714 0.610375 0.5551756446428572 0.607796875 0.5549414517857143 0.607953125 0.5633255267857142 0.6061406250000001 0.5631147535714286 0.60296875
48 0.5294613589285714 0.919484375 0.6151053857142857 0.919484375 0.6462529267857142 0.8779218750000001 0.6112177982142857 0.84415625 0.5294613589285714 0.807796875 0.5294613589285714 0.776625 0.568384075 0.7584375 0.5761826696428571 0.716890625 0.5644964875 0.64415625 0.5411241214285715 0.5948125000000001 0.5489227160714286 0.55325 0.5489227160714286 0.5065 0.5411241214285715 0.46234375000000005 0.4944262303571429 0.39740625 0.37763466071428575 0.42596875 0.37763466071428575 0.46753125 0.40487119464285715 0.53246875 0.3815222482142857 0.592203125 0.3503747071428571 0.612984375 0.2335831375 0.7246718750000001 0.22969554999999997 0.776625 0.21800936785714287 0.831171875 0.18686182678571428 0.903890625 0.22969554999999997 0.987015625 0.4944262303571429 0.976625 0.5022014053571429 0.93765625 0.5294613589285714 0.919484375