26 0.110296875 0.609625 0.11831249999999999 0.6069583339285713 0.11229687499999999 0.5401041660714285 0.09625 0.5508124999999999 0.090234375 0.5427708339285714 0.086234375 0.5374374999999999 0.052140625 0.53475 0.038109375 0.5561458339285714 0.046125 0.6363541660714286 0.0681875 0.6417083339285714 0.10828125000000001 0.6283333339285715 0.110296875 0.609625
44 0.816359375 0.7694375 0.80828125 0.7752916660714286 0.78775 0.8134583339285715 0.79434375 0.8437708339285714 0.825890625 0.8545416660714286 0.841296875 0.8486666660714286 0.858171875 0.8017083339285714 0.85303125 0.7987708339285714 0.849375 0.7870416660714286 0.816359375 0.7694375
38 0.46517187499999996 0.7797708339285715 0.333703125 0.7752708339285714 0.33201562500000004 0.8314583339285715 0.333703125 0.892125 0.47696875000000005 0.8876458339285714 0.753375 0.8786458339285714 0.765171875 0.8674166660714285 0.7382031250000001 0.7685416660714286 0.658984375 0.7685416660714286 0.610109375 0.7685416660714286 0.46517187499999996 0.7797708339285715
12 0.41800000000000004 0.21510416607142857 0.412859375 0.0830625 0.31015625 0.08989583392857144 0.30795312500000005 0.08695833392857143 0.30575 0.2229375 0.41800000000000004 0.21510416607142857
12 0.2015625 0.1601875 0.2015625 0.15079166607142858 0.114203125 0.15039583392857142 0.1106875 0.15002083392857143 0.110390625 0.15979166607142858 0.2015625 0.1601875
12 0.11304687499999999 0.1795 0.20360937499999998 0.18177083392857143 0.202328125 0.17095833392857143 0.11475 0.16810416607142858 0.11304687499999999 0.1795
12 0.45606250000000004 0.23618749999999997 0.46910937500000005 0.09991666607142857 0.461109375 0.09822916607142858 0.45690625 0.09766666607142857 0.446390625 0.23002083392857142 0.45606250000000004 0.23618749999999997
12 0.207 0.20410416607142856 0.11628125000000002 0.20085416607142859 0.11821875 0.2105625 0.20603125 0.21443749999999998 0.207 0.20410416607142856
12 0.20743750000000002 0.21314583392857142 0.11837500000000001 0.20991666607142856 0.11596875 0.23314583392857144 0.207921875 0.23314583392857144 0.20743750000000002 0.21314583392857142
12 0.201 0.20272916607142857 0.205359375 0.19627083392857142 0.204390625 0.19110416607142858 0.203421875 0.19110416607142858 0.201484375 0.19239583392857143 0.11292187499999999 0.19239583392857143 0.111953125 0.20272916607142857 0.11485937500000001 0.20272916607142857 0.201 0.20272916607142857
12 0.11376562500000001 0.1615625 0.11812500000000001 0.16670833392857143 0.20571875 0.16993750000000002 0.204265625 0.1615625 0.11376562500000001 0.1615625
12 0.20335937499999998 0.14120833392857143 0.128796875 0.13975 0.12824999999999998 0.14852083392857143 0.2028125 0.14925 0.20335937499999998 0.14120833392857143
12 0.10696875 0.12916666607142857 0.10904687499999999 0.1375 0.19684375 0.138875 0.202046875 0.1398125 0.201359375 0.13102083392857145 0.10696875 0.12916666607142857
12 0.10678125 0.12820833392857142 0.198921875 0.12987500000000002 0.1983125 0.11908333392857143 0.10803125000000001 0.11825 0.10678125 0.12820833392857142
12 0.104546875 0.10495833392857143 0.104546875 0.112 0.12001562499999999 0.1145 0.198453125 0.114 0.20034375 0.1034375 0.15885937500000002 0.10545833392857143 0.104546875 0.10495833392857143
73 0.7209375 0.25347916607142856 0.38371875 0.2560625 0.36628125 0.26122916607142854 0.36628125 0.67725 0.38759375 0.685 0.738375 0.67725 0.7345 0.2663958339285714 0.7209375 0.25347916607142856
12 0.9301562500000001 0.5737083339285713 0.9990937499999999 0.6809166660714285 0.99621875 0.5440208339285714 0.9330312499999999 0.558375 0.9301562500000001 0.5737083339285713