26 0.420578125 0.3643595035714286 0.399828125 0.36619834642857146 0.40190624999999996 0.4009297517857143 0.40225 0.405971075 0.420578125 0.40733471071428573 0.420578125 0.3643595035714286
26 0.36957812500000004 0.3791528928571428 0.3698125 0.3913842982142857 0.372359375 0.39415289285714283 0.384625 0.39353305714285713 0.38484375 0.39169421428571427 0.38578124999999996 0.3858884303571429 0.387171875 0.3767148767857143 0.38785937499999995 0.3663016535714286 0.3869375 0.3638636357142857 0.385078125 0.3598760339285714 0.380453125 0.3595661160714286 0.375828125 0.3598760339285714 0.37351562499999996 0.36080578571428573 0.36934375 0.36140495892857144 0.368421875 0.36570247857142857 0.368890625 0.37150826428571426 0.36957812500000004 0.3791528928571428
40 0.64134375 0.3319008267857143 0.6438125 0.3351652892857143 0.6474687499999999 0.34196281071428575 0.6524218749999999 0.35268594999999997 0.6555781249999999 0.3555371892857143 0.6570625 0.35225206607142856 0.653921875 0.34415289285714284 0.645640625 0.3292561982142857 0.6454687499999999 0.3255371892857143 0.641828125 0.32685950357142857 0.641828125 0.32663223214285714 0.640515625 0.32861570178571425 0.64134375 0.3319008267857143
40 0.636875 0.35258264464285716 0.633515625 0.3433264464285714 0.631984375 0.33665289285714284 0.62875 0.3349793392857143 0.6258125 0.3355371892857143 0.6258125 0.3390495875 0.633375 0.35630165357142857 0.639265625 0.3627685946428571 0.6431875 0.3633264464285714 0.636875 0.35258264464285716
14 0.267953125 0.4221487607142857 0.273078125 0.4184297517857143 0.277046875 0.40966942142857143 0.280359375 0.40026859464285713 0.283015625 0.3954545446428571 0.285328125 0.39194214821428575 0.28467187499999996 0.3890909089285714 0.267625 0.38297520714285715 0.25371875 0.3820867767857143 0.242125 0.3836363642857143 0.224578125 0.39390495892857147 0.22525 0.3963223142857143 0.227390625 0.40900826428571424 0.23765625 0.42105371964285715 0.24445312500000002 0.42564049642857144 0.267953125 0.4221487607142857
56 0.868140625 0.4569214875 0.8534531249999999 0.4430371892857143 0.84575 0.43981405 0.84434375 0.43795454464285716 0.84925 0.4134297517857143 0.850296875 0.4018595035714286 0.850296875 0.39169421428571427 0.84784375 0.3875206607142857 0.84190625 0.38799586785714285 0.832453125 0.39353305714285713 0.8300000000000001 0.4323966946428571 0.82825 0.4375 0.821953125 0.4277685946428571 0.729234375 0.42545454464285715 0.7211875 0.4282438017857143 0.718375 0.4296281 0.737625 0.4661776857142857 0.7421718749999999 0.46803718928571425 0.844 0.47080578571428566 0.86709375 0.46756198392857146 0.87234375 0.4657231410714286 0.868140625 0.4569214875
13 0.221125 0.3678512392857143 0.220328125 0.39111570178571425 0.22071875000000002 0.4016942142857143 0.222328125 0.4133264464285714 0.23071874999999997 0.4175619839285714 0.227125 0.40223140535714286 0.22632812500000002 0.39111570178571425 0.23312500000000003 0.3890082642857143 0.23671875 0.3874173553571429 0.23551562499999998 0.3863636357142857 0.227515625 0.3292355375 0.22312500000000002 0.32869834642857143 0.218328125 0.3503925625 0.221125 0.3678512392857143
13 0.5796875 0.41537189999999996 0.5846562500000001 0.41537189999999996 0.5833124999999999 0.4138636357142857 0.583125 0.4120867767857143 0.583125 0.40981405 0.5835 0.4078099178571429 0.584453125 0.40956611607142857 0.5856093750000001 0.4100826446428571 0.58675 0.40956611607142857 0.58675 0.4083057857142857 0.587328125 0.4040082642857143 0.587140625 0.4012396696428572 0.587328125 0.4002272732142857 0.58809375 0.39871900892857143 0.589234375 0.3982024785714286 0.590953125 0.3982024785714286 0.5926718750000001 0.398471075 0.59325 0.39973140535714285 0.594390625 0.39921487678571427 0.596296875 0.39921487678571427 0.5957187500000001 0.35731405 0.5947656250000001 0.34894628035714287 0.5926718750000001 0.34818181785714286 0.5907656250000001 0.346157025 0.5898125000000001 0.33859504107142857 0.590953125 0.3363223142857143 0.59153125 0.33353305714285714 0.591140625 0.33202479285714287 0.5835 0.33254132142857146 0.5835 0.33481405000000003 0.585421875 0.3355578517857143 0.5856093750000001 0.3373347107142857 0.5865625 0.33807851250000004 0.5865625 0.34464876071428574 0.57796875 0.35121900892857144 0.5764375 0.35322314107142855 0.5762499999999999 0.36080578571428573 0.5764375 0.3583264464285714 0.576640625 0.3782644625 0.577015625 0.4012396696428572 0.577390625 0.4115909089285714 0.5796875 0.41537189999999996
40 0.6465624999999999 0.31702479285714286 0.64571875 0.3264462803571429 0.657671875 0.34301652857142856 0.659953125 0.34113636428571426 0.651125 0.31702479285714286 0.6465624999999999 0.31702479285714286
40 0.638234375 0.3378719 0.641859375 0.33588843035714283 0.6378125 0.3294214875 0.6367499999999999 0.3246281 0.629078125 0.3257644625 0.62971875 0.32997933928571427 0.632703125 0.33336776785714284 0.633765625 0.3370247928571428 0.6416406250000001 0.35223140535714287 0.643984375 0.35588843035714285 0.646109375 0.35390495892857143 0.638234375 0.3378719
40 0.644796875 0.32130165357142854 0.64425 0.3196074375 0.6436406250000001 0.3183884303571428 0.642109375 0.31667355357142857 0.6406875000000001 0.3145661160714286 0.6395937500000001 0.31400826428571427 0.638359375 0.31392561964285715 0.637015625 0.31392561964285715 0.635359375 0.31400826428571427 0.635171875 0.31522727321428573 0.6350625 0.3159504125 0.6345625 0.31644628035714284 0.6344375000000001 0.3170867767857143 0.6345625 0.31797520714285715 0.6346875000000001 0.31969008214285716 0.634875 0.3214669428571429 0.635 0.3221074375 0.6357968749999999 0.32283057857142855 0.63609375 0.3234917357142857 0.637328125 0.32471074464285715 0.6373906250000001 0.3257644625 0.6373906250000001 0.3272933892857143 0.637625 0.32801652857142855 0.638296875 0.3292355375 0.638859375 0.3306198339285714 0.638921875 0.3308677678571429 0.639765625 0.33297520714285717 0.641 0.33336776785714284 0.6408125 0.33239669464285715 0.640390625 0.32973140535714285 0.640453125 0.32801652857142855 0.640078125 0.3269834714285714 0.643265625 0.3249380160714286 0.6438125 0.32357438035714287 0.6445468750000001 0.3225206607142857 0.644796875 0.32130165357142854
60 0.186671875 0.5228512392857143 0.19453125 0.525 0.19798437500000002 0.5225413214285713 0.208609375 0.5179752071428572 0.22960937500000003 0.5170454553571429 0.228921875 0.5146074374999999 0.195671875 0.5170454553571429 0.18228125 0.5124793392857143 0.18067187499999998 0.5124793392857143 0.173984375 0.5149173553571429 0.17559375 0.5155165285714286 0.17651562499999998 0.5195041321428571 0.186671875 0.5228512392857143
13 0.32084375000000004 0.33644628035714286 0.3216875 0.3268388428571429 0.32084375000000004 0.3053925625 0.32209375 0.29907024821428574 0.3191875 0.29520661071428567 0.310453125 0.29632231428571426 0.30796875 0.3031818178571428 0.3166875 0.3045661160714286 0.3179375 0.3367355375 0.32084375000000004 0.33644628035714286
13 0.3620625 0.09092975178571429 0.36125 0.09285123928571429 0.36125 0.1025 0.357203125 0.1065702482142857 0.356875 0.12735537142857142 0.367734375 0.1303512392857143 0.3691875 0.12799586785714284 0.36870312499999996 0.10636363571428571 0.366765625 0.10206611607142857 0.365953125 0.09179752142857144 0.3620625 0.09092975178571429
13 0.32409375 0.09758264464285715 0.32909374999999996 0.10254132142857142 0.32971875 0.11491735535714286 0.32534375 0.11518595 0.32534375 0.12371900892857143 0.33678125 0.12398760357142857 0.33595312499999996 0.12260330535714285 0.33615625 0.08466942142857142 0.330125 0.08247933928571428 0.322640625 0.08440082678571428 0.32409375 0.09758264464285715
13 0.6797187499999999 0.3869421482142857 0.6864374999999999 0.38731405 0.687859375 0.38427685892857144 0.689578125 0.37105371964285716 0.6914374999999999 0.3672727267857143 0.69315625 0.3665082642857143 0.6944374999999999 0.3665082642857143 0.6954375 0.36840909107142855 0.696875 0.37161156964285713 0.697875 0.3825826446428572 0.69715625 0.38863636428571424 0.699734375 0.38427685892857144 0.6954375 0.3530785125 0.69571875 0.3370041321428572 0.6930625 0.3359297517857143 0.68959375 0.3359297517857143 0.6885156250000001 0.3380578517857143 0.68915625 0.33956611607142856 0.68515625 0.34698347142857144 0.685953125 0.35931818214285716 0.680078125 0.38084710714285713 0.6797187499999999 0.3869421482142857
60 0.82840625 0.24799586785714287 0.83121875 0.23526859464285715 0.826515625 0.23309917321428572 0.822765625 0.25047520714285715 0.8199375 0.2653925625 0.821125 0.28526859464285714 0.8143125 0.29708677678571427 0.8143125 0.3082644625 0.8164218750000001 0.3119834714285714 0.8220625 0.3067148767857143 0.821828125 0.3073347107142857 0.8272343750000001 0.29491735535714286 0.8258125 0.28526859464285714 0.8258125 0.27876033035714287 0.82840625 0.24799586785714287
14 0.778640625 0.41731405 0.792328125 0.4191322321428571 0.803640625 0.4154958678571428 0.8135625000000001 0.40508264464285715 0.818015625 0.3905991732142857 0.816640625 0.38289256250000003 0.80740625 0.3856198339285714 0.7991875 0.3910537196428571 0.7988437500000001 0.3951239660714286 0.793703125 0.39376033035714286 0.7854843749999999 0.38969008214285716 0.7724687499999999 0.38969008214285716 0.768015625 0.3983057857142857 0.762546875 0.4005578517857143 0.7663125 0.4082644625 0.770765625 0.41369834642857145 0.778640625 0.41731405
14 0.311546875 0.18359504107142857 0.31693750000000004 0.19010330535714287 0.335359375 0.19237603392857144 0.359671875 0.19464876071428572 0.363109375 0.19204545535714287 0.36604687500000005 0.17483471071428572 0.364578125 0.16055785178571427 0.357703125 0.1618595035714286 0.338546875 0.1618595035714286 0.31448437500000004 0.16055785178571427 0.31546874999999996 0.16086776785714285 0.312765625 0.16055785178571427 0.311546875 0.18359504107142857