28 0.342421875 0.6080833339285714 0.336359375 0.5596041660714286 0.32121875 0.5616249999999999 0.29696875 0.5616249999999999 0.27425000000000005 0.6101041660714286 0.24242187499999998 0.6464583339285714 0.248484375 0.6444375 0.342421875 0.6585833339285715 0.342421875 0.6080833339285714
40 0.758515625 0.3890625 0.758515625 0.3818333339285714 0.754046875 0.38310416607142855 0.752125 0.3912083339285714 0.74925 0.407375 0.757234375 0.4099375 0.758515625 0.3890625
42 0.5418125 0.1879375 0.53740625 0.18404166607142858 0.538875 0.3346666660714286 0.7376875 0.3248958339285714 0.732546875 0.17425 0.5418125 0.1879375
46 0.52534375 0.4797291660714285 0.520265625 0.6824375 0.71621875 0.7004583339285714 0.72296875 0.5112708339285714 0.729734375 0.4797291660714285 0.731421875 0.380625 0.554046875 0.373875 0.5608125 0.37837499999999996 0.559125 0.4459375 0.52534375 0.4797291660714285
13 0.9729687499999999 0.5379375 0.9715468749999999 0.5524375 0.9729687499999999 0.6148333339285714 0.9994374999999999 0.618 0.9994374999999999 0.4642083339285714 0.9932968750000001 0.4679791660714286 0.993765625 0.48185416607142856 0.9852500000000001 0.4944583339285714 0.9729687499999999 0.5379375
13 0.9717968749999999 0.5688541660714286 0.9717968749999999 0.5680416660714286 0.9717968749999999 0.5639375 0.972109375 0.5553125 0.9736406249999999 0.5446458339285715 0.97671875 0.5323541660714286 0.9801093750000001 0.51225 0.99271875 0.48106249999999995 0.989953125 0.477375 0.9905625 0.47122916607142856 0.9914843750000001 0.46425000000000005 0.9914843750000001 0.45604166607142854 0.9871875000000001 0.454 0.972421875 0.45645833392857144 0.96934375 0.45849999999999996 0.96903125 0.4609791660714285 0.9797968749999999 0.46137500000000004 0.98071875 0.46425000000000005 0.982265625 0.46712499999999996 0.9831875000000001 0.47450000000000003 0.9797968749999999 0.4765625 0.9779531249999999 0.487625 0.974265625 0.4941875 0.970875 0.5056875 0.9674999999999999 0.5175833339285715 0.9659531250000001 0.5241458339285714 0.96534375 0.531125 0.9637968750000001 0.5598333339285714 0.9615937499999999 0.58025 0.970171875 0.5859791660714285 0.9717968749999999 0.5688541660714286
40 0.73615625 0.40145833392857144 0.735875 0.4051666660714286 0.735875 0.4061041660714286 0.7362968750000001 0.4070208339285714 0.7393593749999999 0.4070208339285714 0.741875 0.40777083392857144 0.7425625 0.40777083392857144 0.743546875 0.40777083392857144 0.7438125000000001 0.4044375 0.742 0.40183333392857146 0.742 0.37991666607142854 0.7413124999999999 0.376375 0.737828125 0.3745208339285714 0.73490625 0.3756458339285714 0.733921875 0.38010416607142855 0.734203125 0.3823333339285714 0.733921875 0.3812083339285714 0.734203125 0.38475000000000004 0.734625 0.389375 0.73615625 0.3953333339285714 0.73615625 0.40145833392857144
40 0.7496875 0.42075 0.748734375 0.4126666660714286 0.7468125 0.411375 0.744578125 0.4169166660714286 0.744578125 0.43225 0.7468125 0.43266666607142856 0.74809375 0.4318125 0.7496875 0.42075
40 0.836390625 0.403 0.83509375 0.4036875 0.833796875 0.40716666607142854 0.855109375 0.42727083392857146 0.858234375 0.425875 0.85875 0.4245 0.836390625 0.403
56 0.970265625 0.6019791660714287 0.9174531249999999 0.5207916660714286 0.894703125 0.5237291660714286 0.74725 0.5139375 0.7487187500000001 0.6039166660714286 0.968796875 0.617625 0.973203125 0.6137083339285715 0.970265625 0.6019791660714287
23 0.316859375 0.11391666607142857 0.319125 0.1159375 0.327421875 0.1164375 0.3319375 0.1154375 0.33721875 0.11341666607142857 0.345140625 0.106875 0.35004687500000004 0.09631250000000001 0.3519375 0.08727083392857143 0.3526875 0.07822916607142856 0.349671875 0.061625 0.345890625 0.055083333928571426 0.341375 0.052062500000000005 0.333828125 0.049562499999999995 0.329296875 0.0500625 0.31949999999999995 0.05258333392857143 0.31459375 0.05760416607142857 0.31007812500000004 0.06716666607142857 0.3078125 0.0736875 0.3074375 0.08525 0.306296875 0.09129166607142858 0.311578125 0.105375 0.316859375 0.11391666607142857
23 0.64775 0.38447916607142857 0.644234375 0.3828333339285714 0.63075 0.3836666660714286 0.631171875 0.3960833339285714 0.64775 0.39360416607142856 0.64775 0.38447916607142857