20 0.419046875 0.3407746482142857 0.42046875 0.3493427232142857 0.439 0.40286385 0.426171875 0.426431925 0.419046875 0.46497652500000003 0.423328125 0.4970892017857143 0.423328125 0.5570422535714286 0.423328125 0.6919483571428572 0.44612500000000005 0.7005164321428571 0.44612500000000005 0.7133568071428571 0.44612500000000005 0.7347887321428571 0.477484375 0.7497652589285714 0.5045625 0.7304929571428571 0.535921875 0.7240845071428571 0.538765625 0.7283568071428572 0.5615781249999999 0.7561971839285714 0.5858125 0.7411971839285715 0.590078125 0.7026525821428572 0.6214375 0.6426995303571429 0.6356875000000001 0.5570422535714286 0.638546875 0.5142253517857144 0.63996875 0.46284037499999997 0.62571875 0.428568075 0.608609375 0.3964553982142857 0.6000625 0.3450704232142857 0.58865625 0.3429107982142857 0.56015625 0.3557746482142857 0.54446875 0.3557746482142857 0.496015625 0.33220657321428576 0.451828125 0.3557746482142857 0.45040625 0.35361502321428573 0.444703125 0.35361502321428573 0.419046875 0.3407746482142857
26 0.707859375 0.6660093892857143 0.71440625 0.6915962446428572 0.7916875000000001 0.7073239428571428 0.81525 0.6994600946428572 0.8218125 0.44171361428571426 0.71703125 0.44368544642857144 0.698703125 0.43974178392857144 0.7013125 0.46730046964285715 0.707859375 0.6660093892857143
26 0.57478125 0.09906103214285715 0.622296875 0.10394366249999999 0.622296875 0.06260563392857142 0.620796875 0.04307511785714286 0.57578125 0.042699530357142856 0.57478125 0.09906103214285715
14 0.213140625 0.5728873232142857 0.217921875 0.5818544607142857 0.22029687499999998 0.5836384982142857 0.22865625000000003 0.5845305160714286 0.248328125 0.5872300464285714 0.281140625 0.5881220660714286 0.31275 0.5818544607142857 0.344359375 0.5737793428571429 0.34734375 0.5666197178571429 0.356296875 0.5496009392857143 0.350328125 0.5406338035714285 0.338390625 0.5352582160714285 0.324078125 0.5504929571428571 0.316328125 0.5522769946428572 0.31393750000000004 0.5603521125 0.29903125 0.5648356803571428 0.227453125 0.5648356803571428 0.2215 0.5522769946428572 0.211953125 0.554976525 0.212546875 0.554976525 0.211359375 0.5630281696428572 0.213140625 0.5728873232142857
14 0.09679687499999999 0.5706807517857143 0.12359375000000002 0.5662206571428572 0.134015625 0.5572535214285714 0.138484375 0.5326525821428572 0.13996874999999998 0.4991079803571429 0.0938125 0.5147652589285715 0.0431875 0.5102816892857143 0.049140625 0.5706807517857143 0.065515625 0.5751643196428571 0.09679687499999999 0.5706807517857143
14 0.175 0.5955164321428571 0.1555625 0.5865258214285713 0.14060937499999998 0.6179812214285714 0.038890625 0.6404460089285714 0.044875 0.6921361500000001 0.11965624999999999 0.6764084499999999 0.12265625 0.6741549303571429 0.1795 0.6089906107142857 0.175 0.5955164321428571
14 0.348859375 0.5861737089285715 0.35384375 0.5645774642857143 0.29639062499999996 0.584295775 0.2258125 0.5814788732142857 0.212703125 0.5814788732142857 0.2195625 0.5936619714285714 0.28140625 0.5983568071428571 0.348859375 0.5861737089285715
14 0.32521875 0.5510563374999999 0.338109375 0.5336150232142857 0.338109375 0.5297417839285714 0.33509375 0.5278169017857143 0.293859375 0.5278169017857143 0.243609375 0.5278169017857143 0.23457812500000003 0.5310328642857143 0.20709375 0.5452347410714286 0.2088125 0.5529812214285714 0.216109375 0.5549295767857143 0.2225625 0.5529812214285714 0.228140625 0.5652347410714286 0.30031250000000004 0.5652347410714286 0.31534375 0.5600704232142857 0.316203125 0.5523474178571428 0.32521875 0.5510563374999999
14 0.22690625 0.5347183107142857 0.24384375000000003 0.5241079803571429 0.28478125 0.527300469642857 0.31443750000000004 0.5315492964285714 0.33209375 0.527300469642857 0.339140625 0.527300469642857 0.34409375 0.5145774642857143 0.342671875 0.50713615 0.32856250000000004 0.5082159625 0.30031250000000004 0.5082159625 0.280546875 0.5092723 0.24878124999999998 0.5082159625 0.224078125 0.505023475 0.19654687499999998 0.5018309857142857 0.18382812499999998 0.5018309857142857 0.18382812499999998 0.49971831071428574 0.18312499999999998 0.5262441321428571 0.18525 0.5219953053571428 0.19724999999999998 0.5326056339285715 0.215609375 0.5357746482142857 0.22265625 0.5357746482142857 0.22690625 0.5347183107142857
14 0.1570625 0.5528169017857143 0.136109375 0.5685446017857143 0.08226562500000001 0.5685446017857143 0.046375 0.5775352107142857 0.043375 0.5752816892857142 0.043375 0.6426995303571429 0.14509375 0.6179812214285714 0.158546875 0.5797652589285714 0.1570625 0.5528169017857143
14 0.045015625 0.5076995303571429 0.087453125 0.512159625 0.134828125 0.4988028160714285 0.14271875 0.45136150178571427 0.14665625 0.44692488214285714 0.0420625 0.44692488214285714 0.045015625 0.5076995303571429
26 0.68659375 0.07870891964285713 0.689328125 0.067159625 0.6953750000000001 0.04983568035714286 0.694828125 0.04077464821428571 0.620734375 0.0432394375 0.6240156250000001 0.052323942857142855 0.6223749999999999 0.1042723 0.6920781250000001 0.11086854464285714 0.689875 0.08941314642857143 0.68659375 0.07870891964285713
76 0.713484375 0.08870891964285714 0.712359375 0.11333333392857144 0.7264843750000001 0.11333333392857144 0.7264843750000001 0.08699530535714285 0.736671875 0.0742723 0.731015625 0.06661971785714287 0.7264843750000001 0.05812206607142858 0.7304531249999999 0.0453755875 0.712359375 0.0453755875 0.714625 0.05896713571428572 0.7050000000000001 0.07086854464285715 0.70953125 0.08530516428571429 0.713484375 0.08870891964285714
14 0.197453125 0.6339906107142858 0.20615625 0.6372535214285714 0.209796875 0.6209154928571429 0.209796875 0.6165492964285715 0.209796875 0.6056338035714285 0.209796875 0.5947417839285715 0.21559375 0.579483567857143 0.18221875 0.5718544607142857 0.18221875 0.5740140839285713 0.18293749999999998 0.5827464785714286 0.197453125 0.6339906107142858
14 0.219265625 0.5391314553571428 0.185390625 0.5312206571428572 0.18690625 0.5696478875 0.213984375 0.5730516428571429 0.20796875 0.5470422535714285 0.219265625 0.5391314553571428
14 0.19928125 0.6689906107142858 0.20246874999999998 0.6833098589285714 0.213265625 0.6966666660714286 0.23425 0.7176760571428572 0.245046875 0.7300938964285714 0.25203125 0.7377230053571429 0.272375 0.7415492964285715 0.290171875 0.7415492964285715 0.31051562499999996 0.7396478875 0.332125 0.7281924875 0.33275 0.7176760571428572 0.342921875 0.7090845071428572 0.353734375 0.6976291071428572 0.35500000000000004 0.6804460089285714 0.351828125 0.6842488267857143 0.34228125000000004 0.69 0.325765625 0.6919014089285714 0.29334375 0.6928638500000001 0.26029687500000004 0.6928638500000001 0.23551562499999998 0.6880751178571428 0.224703125 0.6785211267857143 0.20628125 0.6613380285714285 0.204375 0.6603990607142857 0.20309375 0.6623004696428572 0.19928125 0.6689906107142858
14 0.20396875 0.6437089196428571 0.203125 0.6493896714285714 0.204390625 0.6544366196428572 0.209859375 0.6626525821428572 0.21615625 0.6676995303571429 0.22246875 0.6765492964285714 0.227515625 0.6809624410714287 0.236765625 0.6891784035714286 0.32 0.6904460089285714 0.335140625 0.6885446017857143 0.34690625 0.6828638499999999 0.354890625 0.6765492964285714 0.35446875 0.6241314553571429 0.351109375 0.6241314553571429 0.33596875000000004 0.6563380285714286 0.3309375 0.6563380285714286 0.259875 0.6632863857142858 0.231296875 0.6613849767857143 0.2140625 0.6386619714285715 0.211109375 0.6367605625 0.209015625 0.6380281696428571 0.20396875 0.6437089196428571
26 0.573125 0.09265258214285714 0.5735468749999999 0.045281689285714286 0.5693437499999999 0.04276995357142858 0.502078125 0.044037558928571426 0.503765625 0.09140845 0.5735468749999999 0.09772300535714286 0.573125 0.09265258214285714
14 0.352484375 0.6304225357142857 0.35550000000000004 0.6191314553571429 0.35475 0.6089906107142857 0.33446875000000004 0.6191314553571429 0.25040625 0.6304225357142857 0.21287499999999998 0.6191314553571429 0.208375 0.6146244125 0.210625 0.6304225357142857 0.228640625 0.6541079803571429 0.23765625 0.6631220660714287 0.33371875 0.6586150232142857 0.352484375 0.6304225357142857
14 0.03125 0.7347417839285715 0.059375 0.7347417839285715 0.078125 0.7300469482142857 0.0828125 0.7253521125 0.10625 0.7253521125 0.1390625 0.7042253517857143 0.1515625 0.7042253517857143 0.1671875 0.6924882625000001 0.1890625 0.6666666660714285 0.19375 0.6549295767857143 0.196875 0.6338028160714285 0.193359375 0.6208920196428571 0.2125 0.6173708928571429 0.22566964285714286 0.6267605625 0.234375 0.6267605625 0.2330357142857143 0.6338028160714285 0.2625 0.6643192482142857 0.271875 0.6643192482142857 0.27103365357142856 0.6547490071428571 0.28185096071428567 0.6356085232142856 0.28125 0.6267605625 0.3375 0.6197183107142857 0.3515625 0.6126760571428571 0.359375 0.5962441321428571 0.359375 0.5868544607142857 0.3515625 0.5586854464285714 0.3359375 0.5375586857142858 0.234375 0.5871478875 0.234375 0.5962441321428571 0.2265625 0.5962441321428571 0.2265625 0.5909624410714286 0.2234375 0.5962441321428571 0.21875 0.5938967142857142 0.215625 0.5868544607142857 0.2109375 0.5985915500000001 0.20630786964285716 0.5916362374999999 0.19079861071428572 0.5965049553571429 0.186328125 0.5950704232142857 0.1828125 0.582159625 0.16875 0.5704225357142857 0.159375 0.5704225357142857 0.1578125 0.5892018785714286 0.16640625 0.592723005357143 0.16753472142857143 0.6038080321428572 0.04346064821428571 0.6427577821428572 0.0421875 0.6408450696428571 0.040625 0.6173708928571429 0.03125 0.6173708928571429 0.01875 0.6267605625 0.027951389285714286 0.6476265 0.012442130357142858 0.6524952178571428 0.009375 0.6408450696428571 0.0046875 0.6549295767857143 0.0041666678571428565 0.6666666660714285 0.003125 0.6901408446428572 0.009375 0.7112676053571428 0.01875 0.7253521125 0.03125 0.7347417839285715